2.3690000000000047
2.2592000000000017
2.202000000000001
2.1572000000000005
2.1188000000000007
2.0758000000000005
2.0634000000000006
2.0562
2.0608
2.0431999999999997
2.0421999999999993
2.0365999999999995
2.0551999999999997
2.0527999999999995
2.0564
2.0328
2.0218000000000003
2.0233999999999996
2.0346
2.0278000000000005
2.0143999999999993
2.0186
2.0253999999999994
2.0228
2.0210000000000004
2.0180000000000002
2.0311999999999997
2.0311999999999997
2.025
2.034800000000001
2.0368
2.0405999999999995
2.0372000000000003
2.0420000000000003
2.0336000000000003
2.0252
2.0288000000000004
2.0434
2.0497999999999994
2.0501999999999994
2.0482
2.048200000000001
2.0156000000000005
2.0298
2.0236000000000014
2.0304000000000006
2.0370000000000004
2.058000000000001
2.0554000000000006
2.0828
2.1094
2.1462
2.1782000000000004
2.2178000000000004
2.255400000000002
2.2892000000000015
2.3476000000000012
2.3990000000000005
2.4522000000000013
2.5016000000000007
2.5438
2.5864000000000003
2.627000000000002
2.6812000000000014
2.733800000000001
2.790999999999999
2.825600000000001
2.8864000000000023
2.929400000000001
2.9642000000000013
2.993400000000002
3.0332000000000017
3.0578000000000007
3.098800000000001
3.127000000000003
3.146600000000001
3.140000000000001
3.161400000000001
3.1732000000000022
3.192000000000001
3.211000000000002
3.2008000000000014
3.197800000000002
3.2084000000000015
3.218800000000003
3.2200000000000015
3.229800000000002
3.2304000000000013
3.227200000000002
3.2208000000000023
3.232000000000003
3.2204000000000015
3.218800000000001
3.229400000000001
3.222400000000001
3.2282000000000015
3.227600000000001
3.2204000000000024
3.2262000000000017
3.2318000000000007
